1101
1107
1401
1402
1403
1404
1405
2101
2102
2103
2104
2201
2202
2203
2301
2302
3101
3102
3103
3104
3105
3201
3202
3203
3204
4101
4102
4103
4104
4105
4106
4201
4202
4203
4204
4301
4302
4303
4304
4305
5101
5102
5103
5104
5105
5106
5107
5201
5301
5302
5303
5304
5401
5402
5403
5404
5405
5501
5502
5503
5504
5506
5601
5602
5603
5604
5605
5606
5701
5702
5703
5704
5705
5706
6101
6102
6103
6104
6105
6106
6107
6108
6109
6110
6111
6112
6113
6114
6115
6116
6117
6201
6202
6203
6204
6205
6206
6301
6302
6303
6304
6305
6306
6307
6308
7101
7102
7103
7104
7105
7106
7107
7108
7109
7110
7201
7202
7203
7301
7302
7303
7304
7305
7306
7307
7308
7309
7401
7402
7403
7404
7405
7406
7407
7408
8101
8102
8103
8104
8105
8106
8107
8108
8109
8110
8111
8201
8202
8203
8204
8205
8206
8207
8301
8302
8303
8304
8305
8306
8307
8308
8309
8310
8311
8312
8313
8314
8401
8402
8403
8404
8405
8406
8407
8408
8409
8410
8411
8412
8413
8414
8415
8416
9101
9102
9103
9104
9105
9106
9107
9108
9109
9110
9111
9112
9113
9114
9115
9116
9117
9118
9119
9120
9201
9202
9203
9204
9205
9206
9207
9208
9209
9210
9211
9212
101
102
103
104
105
106
107
108
109
110
111
112
113
114
115
116
117
118
119
120
121
122
123
124
125
126
127
128
129
130
131
11101
11102
11103
11104
11105
11106
11107
11108
11109
121
122
123
124
125
126
127
128
129
1210
13101
13102
13103
13104
13105
13106
13107
13108
13109
13110
13111
13112
13113
13114
13115
13116
13117
13118
13119
13120
13121
13122
13123
13124
13125
13126
13127
13128
13129
13130
13131
13132
141
142
143
144
145
146
147
148
15101
15102
152
153
161
162
163
164
165
166
167
168
169
1610
1611
1612
1613
1614
1615
1616
1617
1618
1619
1620
1621
